{'camera_poses': [tensor([[ 9.5409e-01,  1.2844e-01, -2.7058e-01,  4.5231e+00],
        [ 2.9950e-01, -4.1891e-01,  8.5721e-01, -8.3130e-02],
        [-3.2519e-03, -8.9890e-01, -4.3815e-01,  9.9049e-01],
        [ 0.0000e+00,  0.0000e+00,  0.0000e+00,  1.0000e+00]]), tensor([[ 6.6891e-01,  3.2773e-01, -6.6719e-01,  4.3548e+00],
        [ 7.4333e-01, -2.9875e-01,  5.9850e-01, -3.0861e-01],
        [-3.1794e-03, -8.9629e-01, -4.4346e-01,  9.9419e-01],
        [ 0.0000e+00,  0.0000e+00,  0.0000e+00,  1.0000e+00]]), tensor([[-0.5172,  0.3796, -0.7671,  4.3015],
        [ 0.8558,  0.2342, -0.4612, -0.7223],
        [ 0.0046, -0.8950, -0.4460,  0.9958],
        [ 0.0000,  0.0000,  0.0000,  1.0000]]), tensor([[-8.7381e-01,  2.1560e-01, -4.3586e-01,  4.4517e+00],
        [ 4.8627e-01,  3.9173e-01, -7.8109e-01, -8.6791e-01],
        [ 2.3326e-03, -8.9446e-01, -4.4714e-01,  9.9586e-01],
        [ 0.0000e+00,  0.0000e+00,  0.0000e+00,  1.0000e+00]]), tensor([[-0.9670, -0.1087,  0.2303,  4.8291],
        [-0.2546,  0.4328, -0.8648, -0.8579],
        [-0.0057, -0.8949, -0.4462,  0.9981],
        [ 0.0000,  0.0000,  0.0000,  1.0000]]), tensor([[-7.9271e-01, -2.7003e-01,  5.4653e-01,  5.0746e+00],
        [-6.0959e-01,  3.5517e-01, -7.0870e-01, -8.8433e-01],
        [-2.7398e-03, -8.9495e-01, -4.4616e-01,  9.9582e-01],
        [ 0.0000e+00,  0.0000e+00,  0.0000e+00,  1.0000e+00]]), tensor([[ 4.6845e-01, -3.9133e-01,  7.9209e-01,  5.0621e+00],
        [-8.8349e-01, -2.0766e-01,  4.1991e-01, -3.4577e-01],
        [ 1.6540e-04, -8.9651e-01, -4.4302e-01,  1.0024e+00],
        [ 0.0000e+00,  0.0000e+00,  0.0000e+00,  1.0000e+00]]), tensor([[ 8.8293e-01, -2.0679e-01,  4.2151e-01,  4.8259e+00],
        [-4.6949e-01, -3.9351e-01,  7.9039e-01, -1.3026e-01],
        [ 2.4248e-03, -8.9576e-01, -4.4453e-01,  1.0000e+00],
        [ 0.0000e+00,  0.0000e+00,  0.0000e+00,  1.0000e+00]]), tensor([[ 9.5715e-01,  1.2751e-01, -2.6002e-01,  4.5433e+00],
        [ 2.8960e-01, -4.2432e-01,  8.5796e-01, -1.2473e-01],
        [-9.3460e-04, -8.9649e-01, -4.4306e-01,  1.0017e+00],
        [ 0.0000e+00,  0.0000e+00,  0.0000e+00,  1.0000e+00]]), tensor([[ 2.2436e-01,  4.3357e-01, -8.7274e-01,  4.1638e+00],
        [ 9.7451e-01, -1.0008e-01,  2.0080e-01, -7.1983e-01],
        [-2.8339e-04, -8.9554e-01, -4.4497e-01,  1.0012e+00],
        [ 0.0000e+00,  0.0000e+00,  0.0000e+00,  1.0000e+00]]), tensor([[-4.8548e-01,  3.8833e-01, -7.8327e-01,  3.9354e+00],
        [ 8.7425e-01,  2.1638e-01, -4.3459e-01, -2.0744e+00],
        [ 7.1913e-04, -8.9576e-01, -4.4454e-01,  1.0006e+00],
        [ 0.0000e+00,  0.0000e+00,  0.0000e+00,  1.0000e+00]]), tensor([[-9.2338e-01, -1.6874e-01,  3.4481e-01,  4.5176e+00],
        [-3.8388e-01,  4.0945e-01, -8.2764e-01, -2.4583e+00],
        [-1.5206e-03, -8.9659e-01, -4.4285e-01,  1.0022e+00],
        [ 0.0000e+00,  0.0000e+00,  0.0000e+00,  1.0000e+00]]), tensor([[-7.9506e-01,  2.6744e-01, -5.4439e-01,  3.8826e+00],
        [ 6.0653e-01,  3.5306e-01, -7.1237e-01, -2.7718e+00],
        [ 1.6861e-03, -8.9656e-01, -4.4292e-01,  1.0022e+00],
        [ 0.0000e+00,  0.0000e+00,  0.0000e+00,  1.0000e+00]]), tensor([[-1.0000e+00,  1.4584e-03, -2.2094e-03,  3.9865e+00],
        [ 2.6268e-03,  4.4284e-01, -8.9660e-01, -3.4532e+00],
        [-3.2918e-04, -8.9660e-01, -4.4284e-01,  1.0035e+00],
        [ 0.0000e+00,  0.0000e+00,  0.0000e+00,  1.0000e+00]]), tensor([[ 3.8497e-01,  4.0952e-01, -8.2710e-01,  3.1880e+00],
        [ 9.2293e-01, -1.6985e-01,  3.4548e-01, -2.8100e+00],
        [ 1.0002e-03, -8.9635e-01, -4.4334e-01,  9.9850e-01],
        [ 0.0000e+00,  0.0000e+00,  0.0000e+00,  1.0000e+00]]), tensor([[-0.2767,  0.4247, -0.8620,  2.5981],
        [ 0.9609,  0.1259, -0.2464, -3.1673],
        [ 0.0038, -0.8965, -0.4430,  1.0010],
        [ 0.0000,  0.0000,  0.0000,  1.0000]]), tensor([[ 9.2234e-01,  1.7120e-01, -3.4638e-01,  2.5132e+00],
        [ 3.8638e-01, -4.0651e-01,  8.2792e-01, -2.5421e+00],
        [ 9.3254e-04, -8.9746e-01, -4.4109e-01,  1.0002e+00],
        [ 0.0000e+00,  0.0000e+00,  0.0000e+00,  1.0000e+00]]), tensor([[-7.9592e-01,  2.6921e-01, -5.4226e-01,  2.1307e+00],
        [ 6.0541e-01,  3.5324e-01, -7.1323e-01, -3.6215e+00],
        [-4.6520e-04, -8.9596e-01, -4.4414e-01,  9.9826e-01],
        [ 0.0000e+00,  0.0000e+00,  0.0000e+00,  1.0000e+00]]), tensor([[ 0.4590,  0.3940, -0.7963,  1.5976],
        [ 0.8884, -0.2066,  0.4099, -2.8981],
        [-0.0030, -0.8956, -0.4449,  0.9997],
        [ 0.0000,  0.0000,  0.0000,  1.0000]]), tensor([[-3.0241e-01,  4.2239e-01, -8.5448e-01,  8.8034e-01],
        [ 9.5317e-01,  1.3658e-01, -2.6982e-01, -3.5062e+00],
        [ 2.7330e-03, -8.9607e-01, -4.4391e-01,  9.9803e-01],
        [ 0.0000e+00,  0.0000e+00,  0.0000e+00,  1.0000e+00]]), tensor([[-9.6279e-01, -1.1863e-01,  2.4283e-01,  1.3853e+00],
        [-2.7026e-01,  4.2556e-01, -8.6363e-01, -4.2754e+00],
        [-8.8409e-04, -8.9712e-01, -4.4178e-01,  9.9953e-01],
        [ 0.0000e+00,  0.0000e+00,  0.0000e+00,  1.0000e+00]]), tensor([[-6.4883e-01,  3.3729e-01, -6.8210e-01,  6.9815e-01],
        [ 7.6093e-01,  2.8581e-01, -5.8249e-01, -4.3423e+00],
        [-1.5194e-03, -8.9697e-01, -4.4210e-01,  1.0011e+00],
        [ 0.0000e+00,  0.0000e+00,  0.0000e+00,  1.0000e+00]]), tensor([[-9.2342e-01, -1.7107e-01,  3.4357e-01,  1.3838e+00],
        [-3.8380e-01,  4.0984e-01, -8.2749e-01, -4.9551e+00],
        [ 7.4870e-04, -8.9597e-01, -4.4411e-01,  1.0027e+00],
        [ 0.0000e+00,  0.0000e+00,  0.0000e+00,  1.0000e+00]]), tensor([[-9.3593e-01, -1.5452e-01,  3.1648e-01,  1.3068e+00],
        [-3.5218e-01,  4.1586e-01, -8.3847e-01, -5.6656e+00],
        [-2.0550e-03, -8.9621e-01, -4.4363e-01,  1.0021e+00],
        [ 0.0000e+00,  0.0000e+00,  0.0000e+00,  1.0000e+00]]), tensor([[-7.0811e-01,  3.1393e-01, -6.3248e-01,  5.8670e-01],
        [ 7.0610e-01,  3.1358e-01, -6.3490e-01, -5.7934e+00],
        [-9.8100e-04, -8.9617e-01, -4.4371e-01,  1.0024e+00],
        [ 0.0000e+00,  0.0000e+00,  0.0000e+00,  1.0000e+00]]), tensor([[-0.9991,  0.0291, -0.0292,  0.7560],
        [ 0.0390,  0.4343, -0.8999, -6.2061],
        [-0.0135, -0.9003, -0.4351,  1.0020],
        [ 0.0000,  0.0000,  0.0000,  1.0000]]), tensor([[ 3.0495e-01,  4.2196e-01, -8.5379e-01, -3.2840e-01],
        [ 9.5237e-01, -1.3352e-01,  2.7417e-01, -5.0968e+00],
        [ 1.6889e-03, -8.9673e-01, -4.4258e-01,  1.0035e+00],
        [ 0.0000e+00,  0.0000e+00,  0.0000e+00,  1.0000e+00]]), tensor([[-3.1454e-01,  4.2189e-01, -8.5034e-01, -8.9341e-01],
        [ 9.4924e-01,  1.3920e-01, -2.8207e-01, -5.4088e+00],
        [-6.3539e-04, -8.9590e-01, -4.4425e-01,  1.0060e+00],
        [ 0.0000e+00,  0.0000e+00,  0.0000e+00,  1.0000e+00]]), tensor([[ 8.4225e-01,  2.3459e-01, -4.8537e-01, -9.2539e-01],
        [ 5.3907e-01, -3.7335e-01,  7.5499e-01, -4.5816e+00],
        [-4.1000e-03, -8.9754e-01, -4.4091e-01,  1.0089e+00],
        [ 0.0000e+00,  0.0000e+00,  0.0000e+00,  1.0000e+00]]), tensor([[-1.9731e-03,  4.4539e-01, -8.9533e-01, -1.7445e+00],
        [ 9.9999e-01, -1.3535e-03, -2.8770e-03, -4.5640e+00],
        [-2.4932e-03, -8.9534e-01, -4.4539e-01,  1.0103e+00],
        [ 0.0000e+00,  0.0000e+00,  0.0000e+00,  1.0000e+00]]), tensor([[ 9.9931e-01,  1.7262e-02, -3.2737e-02, -1.3593e+00],
        [ 3.6994e-02, -4.4070e-01,  8.9689e-01, -3.9591e+00],
        [ 1.0552e-03, -8.9749e-01, -4.4103e-01,  1.0099e+00],
        [ 0.0000e+00,  0.0000e+00,  0.0000e+00,  1.0000e+00]]), tensor([[ 3.8349e-01,  4.0946e-01, -8.2781e-01, -2.1260e+00],
        [ 9.2354e-01, -1.7269e-01,  3.4242e-01, -4.0150e+00],
        [-2.7476e-03, -8.9583e-01, -4.4438e-01,  1.0121e+00],
        [ 0.0000e+00,  0.0000e+00,  0.0000e+00,  1.0000e+00]]), tensor([[-5.3274e-01,  3.7974e-01, -7.5630e-01, -2.3595e+00],
        [ 8.4628e-01,  2.3949e-01, -4.7588e-01, -4.6908e+00],
        [ 4.2037e-04, -8.9356e-01, -4.4895e-01,  1.0070e+00],
        [ 0.0000e+00,  0.0000e+00,  0.0000e+00,  1.0000e+00]]), tensor([[ 9.6005e-01,  1.2450e-01, -2.5061e-01, -2.6632e+00],
        [ 2.7983e-01, -4.2233e-01,  8.6217e-01, -3.5818e+00],
        [ 1.5013e-03, -8.9785e-01, -4.4029e-01,  1.0137e+00],
        [ 0.0000e+00,  0.0000e+00,  0.0000e+00,  1.0000e+00]]), tensor([[-5.0809e-01,  3.8528e-01, -7.7033e-01, -3.1714e+00],
        [ 8.6130e-01,  2.2721e-01, -4.5446e-01, -4.3492e+00],
        [-6.6642e-05, -8.9439e-01, -4.4728e-01,  1.0069e+00],
        [ 0.0000e+00,  0.0000e+00,  0.0000e+00,  1.0000e+00]]), tensor([[ 9.4416e-01, -1.4658e-01,  2.9507e-01, -2.4086e+00],
        [-3.2947e-01, -4.1767e-01,  8.4676e-01, -2.8066e+00],
        [-8.7222e-04, -8.9670e-01, -4.4265e-01,  1.0120e+00],
        [ 0.0000e+00,  0.0000e+00,  0.0000e+00,  1.0000e+00]]), tensor([[ 8.0610e-01, -2.6231e-01,  5.3046e-01, -1.9925e+00],
        [-5.9177e-01, -3.5955e-01,  7.2147e-01, -2.4597e+00],
        [ 1.4781e-03, -8.9550e-01, -4.4507e-01,  1.0121e+00],
        [ 0.0000e+00,  0.0000e+00,  0.0000e+00,  1.0000e+00]]), tensor([[ 9.5276e-01,  1.3453e-01, -2.7230e-01, -2.5373e+00],
        [ 3.0372e-01, -4.2352e-01,  8.5345e-01, -1.5844e+00],
        [-5.1615e-04, -8.9584e-01, -4.4438e-01,  1.0134e+00],
        [ 0.0000e+00,  0.0000e+00,  0.0000e+00,  1.0000e+00]]), tensor([[ 0.9371, -0.1584,  0.3109, -2.0320],
        [-0.3489, -0.4160,  0.8397, -1.1254],
        [-0.0037, -0.8954, -0.4452,  1.0109],
        [ 0.0000,  0.0000,  0.0000,  1.0000]]), tensor([[ 8.5135e-01,  2.3418e-01, -4.6942e-01, -2.5687e+00],
        [ 5.2459e-01, -3.7894e-01,  7.6237e-01, -5.9706e-01],
        [ 6.5080e-04, -8.9530e-01, -4.4546e-01,  1.0115e+00],
        [ 0.0000e+00,  0.0000e+00,  0.0000e+00,  1.0000e+00]]), tensor([[ 3.0657e-01, -4.2193e-01,  8.5323e-01, -1.6215e+00],
        [-9.5185e-01, -1.3596e-01,  2.7477e-01, -6.7655e-01],
        [ 7.2380e-05, -8.9638e-01, -4.4329e-01,  1.0085e+00],
        [ 0.0000e+00,  0.0000e+00,  0.0000e+00,  1.0000e+00]]), tensor([[ 9.5219e-01,  1.3669e-01, -2.7324e-01, -2.2239e+00],
        [ 3.0552e-01, -4.2465e-01,  8.5225e-01,  1.2682e-02],
        [ 4.6074e-04, -8.9498e-01, -4.4610e-01,  1.0070e+00],
        [ 0.0000e+00,  0.0000e+00,  0.0000e+00,  1.0000e+00]]), tensor([[-0.3029, -0.4220,  0.8545, -0.9120],
        [-0.9530,  0.1351, -0.2711,  0.0548],
        [-0.0011, -0.8965, -0.4431,  1.0063],
        [ 0.0000,  0.0000,  0.0000,  1.0000]]), tensor([[ 7.2685e-01,  3.1012e-01, -6.1280e-01, -2.1748e+00],
        [ 6.8680e-01, -3.2552e-01,  6.4988e-01,  7.2744e-01],
        [ 2.0630e-03, -8.9323e-01, -4.4959e-01,  1.0054e+00],
        [ 0.0000e+00,  0.0000e+00,  0.0000e+00,  1.0000e+00]]), tensor([[ 0.1781, -0.4380,  0.8812, -0.0502],
        [-0.9840, -0.0804,  0.1589,  0.4088],
        [ 0.0013, -0.8954, -0.4453,  1.0068],
        [ 0.0000,  0.0000,  0.0000,  1.0000]]), tensor([[ 8.8616e-01, -2.0691e-01,  4.1463e-01,  5.4200e-01],
        [-4.6339e-01, -3.9482e-01,  7.9334e-01,  6.4343e-01],
        [-4.4800e-04, -8.9516e-01, -4.4575e-01,  1.0075e+00],
        [ 0.0000e+00,  0.0000e+00,  0.0000e+00,  1.0000e+00]]), tensor([[-0.1945, -0.4319,  0.8807,  1.1224],
        [-0.9809,  0.0840, -0.1755,  0.1940],
        [ 0.0018, -0.8980, -0.4400,  1.0115],
        [ 0.0000,  0.0000,  0.0000,  1.0000]]), tensor([[ 8.9402e-01,  2.0100e-01, -4.0040e-01,  7.8755e-01],
        [ 4.4802e-01, -4.0019e-01,  7.9945e-01,  1.3894e+00],
        [ 4.5190e-04, -8.9412e-01, -4.4783e-01,  1.0060e+00],
        [ 0.0000e+00,  0.0000e+00,  0.0000e+00,  1.0000e+00]]), tensor([[ 3.0615e-01, -4.2143e-01,  8.5362e-01,  1.4795e+00],
        [-9.5198e-01, -1.3490e-01,  2.7483e-01,  1.2650e+00],
        [-6.6378e-04, -8.9677e-01, -4.4250e-01,  1.0067e+00],
        [ 0.0000e+00,  0.0000e+00,  0.0000e+00,  1.0000e+00]]), tensor([[ 9.8751e-01, -7.0026e-02,  1.4116e-01,  1.1316e+00],
        [-1.5757e-01, -4.3863e-01,  8.8474e-01,  1.8891e+00],
        [-3.9021e-05, -8.9593e-01, -4.4419e-01,  1.0075e+00],
        [ 0.0000e+00,  0.0000e+00,  0.0000e+00,  1.0000e+00]]), tensor([[-7.0659e-01, -3.1194e-01,  6.3515e-01,  4.2932e+00],
        [-7.0761e-01,  3.1554e-01, -6.3223e-01, -4.4522e+00],
        [-3.1982e-03, -8.9617e-01, -4.4369e-01,  1.0283e+00],
        [ 0.0000e+00,  0.0000e+00,  0.0000e+00,  1.0000e+00]]), tensor([[-3.9586e-01, -4.0716e-01,  8.2311e-01,  5.5462e+00],
        [-9.1830e-01,  1.7911e-01, -3.5304e-01, -4.4167e+00],
        [-3.6811e-03, -8.9562e-01, -4.4480e-01,  1.0258e+00],
        [ 0.0000e+00,  0.0000e+00,  0.0000e+00,  1.0000e+00]]), tensor([[ 3.3106e-01, -4.2119e-01,  8.4439e-01,  6.3150e+00],
        [-9.4361e-01, -1.4558e-01,  2.9734e-01, -4.3870e+00],
        [-2.3077e-03, -8.9521e-01, -4.4564e-01,  1.0273e+00],
        [ 0.0000e+00,  0.0000e+00,  0.0000e+00,  1.0000e+00]]), tensor([[-8.4531e-01,  2.3593e-01, -4.7936e-01,  5.2982e+00],
        [ 5.3427e-01,  3.7449e-01, -7.5784e-01, -5.7827e+00],
        [ 7.1914e-04, -8.9672e-01, -4.4261e-01,  1.0299e+00],
        [ 0.0000e+00,  0.0000e+00,  0.0000e+00,  1.0000e+00]]), tensor([[-8.8520e-01, -2.0582e-01,  4.1721e-01,  5.9010e+00],
        [-4.6521e-01,  3.9444e-01, -7.9246e-01, -6.0582e+00],
        [-1.4593e-03, -8.9558e-01, -4.4491e-01,  1.0323e+00],
        [ 0.0000e+00,  0.0000e+00,  0.0000e+00,  1.0000e+00]]), tensor([[-2.0437e-01, -4.3788e-01,  8.7549e-01,  6.5482e+00],
        [-9.7889e-01,  9.0682e-02, -1.8315e-01, -6.3174e+00],
        [ 8.0879e-04, -8.9445e-01, -4.4717e-01,  1.0295e+00],
        [ 0.0000e+00,  0.0000e+00,  0.0000e+00,  1.0000e+00]])], 'base_poses': [tensor([ 4.6677, -0.4806,  1.8694]), tensor([ 4.6799, -0.5780,  2.4060]), tensor([ 4.6526, -0.4838, -2.5977]), tensor([ 4.6397, -0.4857, -2.0791]), tensor([ 4.7049, -0.4516, -1.3143]), tensor([ 4.8001, -0.5589, -0.9176]), tensor([ 4.6985, -0.5616,  0.4869]), tensor([ 4.6465, -0.5141,  1.0815]), tensor([ 4.6845, -0.5236,  1.8638]), tensor([ 4.5814, -0.7954,  2.9147]), tensor([ 4.2960, -1.8508, -2.6349]), tensor([ 4.3390, -2.0743, -1.1774]), tensor([ 4.1218, -2.4229, -2.2231]), tensor([ 3.9675, -3.0260, -1.5745]), tensor([ 3.5871, -2.9537,  2.7459]), tensor([ 2.9978, -3.0289, -2.8611]), tensor([ 2.6953, -2.9225,  1.9670]), tensor([ 2.3712, -3.2723, -2.2217]), tensor([ 1.9825, -3.0762,  2.6639]), tensor([ 1.2737, -3.3591, -2.8348]), tensor([ 1.2538, -3.8733, -1.2977]), tensor([ 1.0067, -4.0540, -2.4359]), tensor([ 1.2022, -4.5725, -1.1774]), tensor([ 1.1401, -5.2762, -1.2115]), tensor([ 0.8714, -5.4801, -2.3552]), tensor([ 0.7601, -5.7905, -1.6094]), tensor([ 0.0801, -5.2055,  2.8319]), tensor([-0.4975, -5.2569, -2.8219]), tensor([-0.6835, -4.9266,  2.1395]), tensor([-1.3202, -4.5443, -3.1405]), tensor([-1.3226, -4.3801,  1.6072]), tensor([-1.7257, -4.1615,  2.7470]), tensor([-2.0093, -4.4459, -2.5803]), tensor([-2.5249, -3.9799,  1.8538]), tensor([-2.8132, -4.1168, -2.6100]), tensor([-2.5291, -3.2123,  1.2342]), tensor([-2.2268, -2.8145,  0.9374]), tensor([-2.3898, -1.9821,  1.8792]), tensor([-2.1633, -1.5291,  1.2139]), tensor([-2.3283, -0.9474,  2.1224]), tensor([-2.0180, -0.8256,  0.3113]), tensor([-2.0743, -0.3857,  1.8805]), tensor([-1.3211,  0.1641, -0.3083]), tensor([-1.8659,  0.4315,  2.3282]), tensor([-0.4638,  0.3124,  0.1785]), tensor([0.3630, 0.2579, 1.0886]), tensor([ 0.7056,  0.2546, -0.1964]), tensor([0.9971, 1.0176, 2.0345]), tensor([1.0830, 1.1168, 0.3111]), tensor([1.0849, 1.4677, 1.4120]), tensor([ 3.9808, -4.1660, -0.7852]), tensor([ 5.1489, -4.2656, -0.4084]), tensor([ 5.9208, -4.5452,  0.3367]), tensor([ 5.5062, -5.4147, -2.1349]), tensor([ 5.6867, -5.6921, -1.0875]), tensor([ 6.1267, -6.2507, -0.2066])], 'xyz': [tensor([[[ 4.5231, -0.0831,  0.9905],
         [ 4.5231, -0.0831,  0.9905],
         [ 4.5231, -0.0831,  0.9905],
         ...,
         [ 4.5231, -0.0831,  0.9905],
         [ 4.5231, -0.0831,  0.9905],
         [ 4.5231, -0.0831,  0.9905]],

        [[ 4.5231, -0.0831,  0.9905],
         [ 4.5231, -0.0831,  0.9905],
         [ 4.5231, -0.0831,  0.9905],
         ...,
         [ 4.5231, -0.0831,  0.9905],
         [ 4.5231, -0.0831,  0.9905],
         [ 4.5231, -0.0831,  0.9905]],

        [[ 4.5231, -0.0831,  0.9905],
         [ 4.5231, -0.0831,  0.9905],
         [ 4.5231, -0.0831,  0.9905],
         ...,
         [ 4.5231, -0.0831,  0.9905],
         [ 4.5231, -0.0831,  0.9905],
         [ 4.5231, -0.0831,  0.9905]],

        ...,

        [[ 4.5231, -0.0831,  0.9905],
         [ 4.5231, -0.0831,  0.9905],
         [ 4.5231, -0.0831,  0.9905],
         ...,
         [ 4.5231, -0.0831,  0.9905],
         [ 4.5231, -0.0831,  0.9905],
         [ 4.5231, -0.0831,  0.9905]],

        [[ 4.5231, -0.0831,  0.9905],
         [ 4.5231, -0.0831,  0.9905],
         [ 4.5231, -0.0831,  0.9905],
         ...,
         [ 4.5231, -0.0831,  0.9905],
         [ 4.5231, -0.0831,  0.9905],
         [ 4.5231, -0.0831,  0.9905]],

        [[ 4.5231, -0.0831,  0.9905],
         [ 4.5231, -0.0831,  0.9905],
         [ 4.5231, -0.0831,  0.9905],
         ...,
         [ 4.5231, -0.0831,  0.9905],
         [ 4.5231, -0.0831,  0.9905],
         [ 4.5231, -0.0831,  0.9905]]]), tensor([[[ 4.3548, -0.3086,  0.9942],
         [ 4.3548, -0.3086,  0.9942],
         [ 4.3548, -0.3086,  0.9942],
         ...,
         [ 4.3548, -0.3086,  0.9942],
         [ 4.3548, -0.3086,  0.9942],
         [ 4.3548, -0.3086,  0.9942]],

        [[ 4.3548, -0.3086,  0.9942],
         [ 4.3548, -0.3086,  0.9942],
         [ 4.3548, -0.3086,  0.9942],
         ...,
         [ 4.3548, -0.3086,  0.9942],
         [ 4.3548, -0.3086,  0.9942],
         [ 4.3548, -0.3086,  0.9942]],

        [[ 4.3548, -0.3086,  0.9942],
         [ 4.3548, -0.3086,  0.9942],
         [ 4.3548, -0.3086,  0.9942],
         ...,
         [ 4.3548, -0.3086,  0.9942],
         [ 4.3548, -0.3086,  0.9942],
         [ 4.3548, -0.3086,  0.9942]],

        ...,

        [[ 4.3548, -0.3086,  0.9942],
         [ 4.3548, -0.3086,  0.9942],
         [ 4.3548, -0.3086,  0.9942],
         ...,
         [ 4.3548, -0.3086,  0.9942],
         [ 4.3548, -0.3086,  0.9942],
         [ 4.3548, -0.3086,  0.9942]],

        [[ 4.3548, -0.3086,  0.9942],
         [ 4.3548, -0.3086,  0.9942],
         [ 4.3548, -0.3086,  0.9942],
         ...,
         [ 4.3548, -0.3086,  0.9942],
         [ 4.3548, -0.3086,  0.9942],
         [ 4.3548, -0.3086,  0.9942]],

        [[ 4.3548, -0.3086,  0.9942],
         [ 4.3548, -0.3086,  0.9942],
         [ 4.3548, -0.3086,  0.9942],
         ...,
         [ 4.3548, -0.3086,  0.9942],
         [ 4.3548, -0.3086,  0.9942],
         [ 4.3548, -0.3086,  0.9942]]]), tensor([[[ 4.3015, -0.7223,  0.9958],
         [ 4.3015, -0.7223,  0.9958],
         [ 4.3015, -0.7223,  0.9958],
         ...,
         [ 4.3015, -0.7223,  0.9958],
         [ 4.3015, -0.7223,  0.9958],
         [ 4.3015, -0.7223,  0.9958]],

        [[ 4.3015, -0.7223,  0.9958],
         [ 4.3015, -0.7223,  0.9958],
         [ 4.3015, -0.7223,  0.9958],
         ...,
         [ 4.3015, -0.7223,  0.9958],
         [ 4.3015, -0.7223,  0.9958],
         [ 4.3015, -0.7223,  0.9958]],

        [[ 4.3015, -0.7223,  0.9958],
         [ 4.3015, -0.7223,  0.9958],
         [ 4.3015, -0.7223,  0.9958],
         ...,
         [ 4.3015, -0.7223,  0.9958],
         [ 4.3015, -0.7223,  0.9958],
         [ 4.3015, -0.7223,  0.9958]],

        ...,

        [[ 4.3015, -0.7223,  0.9958],
         [ 4.3015, -0.7223,  0.9958],
         [ 4.3015, -0.7223,  0.9958],
         ...,
         [ 4.3015, -0.7223,  0.9958],
         [ 4.3015, -0.7223,  0.9958],
         [ 4.3015, -0.7223,  0.9958]],

        [[ 4.3015, -0.7223,  0.9958],
         [ 4.3015, -0.7223,  0.9958],
         [ 4.3015, -0.7223,  0.9958],
         ...,
         [ 4.3015, -0.7223,  0.9958],
         [ 4.3015, -0.7223,  0.9958],
         [ 4.3015, -0.7223,  0.9958]],

        [[ 4.3015, -0.7223,  0.9958],
         [ 4.3015, -0.7223,  0.9958],
         [ 4.3015, -0.7223,  0.9958],
         ...,
         [ 4.3015, -0.7223,  0.9958],
         [ 4.3015, -0.7223,  0.9958],
         [ 4.3015, -0.7223,  0.9958]]]), tensor([[[ 4.4517, -0.8679,  0.9959],
         [ 4.4517, -0.8679,  0.9959],
         [ 4.4517, -0.8679,  0.9959],
         ...,
         [ 4.4517, -0.8679,  0.9959],
         [ 4.4517, -0.8679,  0.9959],
         [ 4.4517, -0.8679,  0.9959]],

        [[ 4.4517, -0.8679,  0.9959],
         [ 4.4517, -0.8679,  0.9959],
         [ 4.4517, -0.8679,  0.9959],
         ...,
         [ 4.4517, -0.8679,  0.9959],
         [ 4.4517, -0.8679,  0.9959],
         [ 4.4517, -0.8679,  0.9959]],

        [[ 4.4517, -0.8679,  0.9959],
         [ 4.4517, -0.8679,  0.9959],
         [ 4.4517, -0.8679,  0.9959],
         ...,
         [ 4.4517, -0.8679,  0.9959],
         [ 4.4517, -0.8679,  0.9959],
         [ 4.4517, -0.8679,  0.9959]],

        ...,

        [[ 4.4517, -0.8679,  0.9959],
         [ 4.4517, -0.8679,  0.9959],
         [ 4.4517, -0.8679,  0.9959],
         ...,
         [ 4.4517, -0.8679,  0.9959],
         [ 4.4517, -0.8679,  0.9959],
         [ 4.4517, -0.8679,  0.9959]],

        [[ 4.4517, -0.8679,  0.9959],
         [ 4.4517, -0.8679,  0.9959],
         [ 4.4517, -0.8679,  0.9959],
         ...,
         [ 4.4517, -0.8679,  0.9959],
         [ 4.4517, -0.8679,  0.9959],
         [ 4.4517, -0.8679,  0.9959]],

        [[ 4.4517, -0.8679,  0.9959],
         [ 4.4517, -0.8679,  0.9959],
         [ 4.4517, -0.8679,  0.9959],
         ...,
         [ 4.4517, -0.8679,  0.9959],
         [ 4.4517, -0.8679,  0.9959],
         [ 4.4517, -0.8679,  0.9959]]]), tensor([[[ 4.8291, -0.8579,  0.9981],
         [ 4.8291, -0.8579,  0.9981],
         [ 4.8291, -0.8579,  0.9981],
         ...,
         [ 4.8291, -0.8579,  0.9981],
         [ 4.8291, -0.8579,  0.9981],
         [ 4.8291, -0.8579,  0.9981]],

        [[ 4.8291, -0.8579,  0.9981],
         [ 4.8291, -0.8579,  0.9981],
         [ 4.8291, -0.8579,  0.9981],
         ...,
         [ 4.8291, -0.8579,  0.9981],
         [ 4.8291, -0.8579,  0.9981],
         [ 4.8291, -0.8579,  0.9981]],

        [[ 4.8291, -0.8579,  0.9981],
         [ 4.8291, -0.8579,  0.9981],
         [ 4.8291, -0.8579,  0.9981],
         ...,
         [ 4.8291, -0.8579,  0.9981],
         [ 4.8291, -0.8579,  0.9981],
         [ 4.8291, -0.8579,  0.9981]],

        ...,

        [[ 4.8291, -0.8579,  0.9981],
         [ 4.8291, -0.8579,  0.9981],
         [ 4.8291, -0.8579,  0.9981],
         ...,
         [ 4.8291, -0.8579,  0.9981],
         [ 4.8291, -0.8579,  0.9981],
         [ 4.8291, -0.8579,  0.9981]],

        [[ 4.8291, -0.8579,  0.9981],
         [ 4.8291, -0.8579,  0.9981],
         [ 4.8291, -0.8579,  0.9981],
         ...,
         [ 4.8291, -0.8579,  0.9981],
         [ 4.8291, -0.8579,  0.9981],
         [ 4.8291, -0.8579,  0.9981]],

        [[ 4.8291, -0.8579,  0.9981],
         [ 4.8291, -0.8579,  0.9981],
         [ 4.8291, -0.8579,  0.9981],
         ...,
         [ 4.8291, -0.8579,  0.9981],
         [ 4.8291, -0.8579,  0.9981],
         [ 4.8291, -0.8579,  0.9981]]]), tensor([[[ 5.0746, -0.8843,  0.9958],
         [ 5.0746, -0.8843,  0.9958],
         [ 5.0746, -0.8843,  0.9958],
         ...,
         [ 5.0746, -0.8843,  0.9958],
         [ 5.0746, -0.8843,  0.9958],
         [ 5.0746, -0.8843,  0.9958]],

        [[ 5.0746, -0.8843,  0.9958],
         [ 5.0746, -0.8843,  0.9958],
         [ 5.0746, -0.8843,  0.9958],
         ...,
         [ 5.0746, -0.8843,  0.9958],
         [ 5.0746, -0.8843,  0.9958],
         [ 5.0746, -0.8843,  0.9958]],

        [[ 5.0746, -0.8843,  0.9958],
         [ 5.0746, -0.8843,  0.9958],
         [ 5.0746, -0.8843,  0.9958],
         ...,
         [ 5.0746, -0.8843,  0.9958],
         [ 5.0746, -0.8843,  0.9958],
         [ 5.0746, -0.8843,  0.9958]],

        ...,

        [[ 5.0746, -0.8843,  0.9958],
         [ 5.0746, -0.8843,  0.9958],
         [ 5.0746, -0.8843,  0.9958],
         ...,
         [ 5.0746, -0.8843,  0.9958],
         [ 5.0746, -0.8843,  0.9958],
         [ 5.0746, -0.8843,  0.9958]],

        [[ 5.0746, -0.8843,  0.9958],
         [ 5.0746, -0.8843,  0.9958],
         [ 5.0746, -0.8843,  0.9958],
         ...,
         [ 5.0746, -0.8843,  0.9958],
         [ 5.0746, -0.8843,  0.9958],
         [ 5.0746, -0.8843,  0.9958]],

        [[ 5.0746, -0.8843,  0.9958],
         [ 5.0746, -0.8843,  0.9958],
         [ 5.0746, -0.8843,  0.9958],
         ...,
         [ 5.0746, -0.8843,  0.9958],
         [ 5.0746, -0.8843,  0.9958],
         [ 5.0746, -0.8843,  0.9958]]]), tensor([[[ 5.0621, -0.3458,  1.0024],
         [ 5.0621, -0.3458,  1.0024],
         [ 5.0621, -0.3458,  1.0024],
         ...,
         [ 5.0621, -0.3458,  1.0024],
         [ 5.0621, -0.3458,  1.0024],
         [ 5.0621, -0.3458,  1.0024]],

        [[ 5.0621, -0.3458,  1.0024],
         [ 5.0621, -0.3458,  1.0024],
         [ 5.0621, -0.3458,  1.0024],
         ...,
         [ 5.0621, -0.3458,  1.0024],
         [ 5.0621, -0.3458,  1.0024],
         [ 5.0621, -0.3458,  1.0024]],

        [[ 5.0621, -0.3458,  1.0024],
         [ 5.0621, -0.3458,  1.0024],
         [ 5.0621, -0.3458,  1.0024],
         ...,
         [ 5.0621, -0.3458,  1.0024],
         [ 5.0621, -0.3458,  1.0024],
         [ 5.0621, -0.3458,  1.0024]],

        ...,

        [[ 5.0621, -0.3458,  1.0024],
         [ 5.0621, -0.3458,  1.0024],
         [ 5.0621, -0.3458,  1.0024],
         ...,
         [ 5.0621, -0.3458,  1.0024],
         [ 5.0621, -0.3458,  1.0024],
         [ 5.0621, -0.3458,  1.0024]],

        [[ 5.0621, -0.3458,  1.0024],
         [ 5.0621, -0.3458,  1.0024],
         [ 5.0621, -0.3458,  1.0024],
         ...,
         [ 5.0621, -0.3458,  1.0024],
         [ 5.0621, -0.3458,  1.0024],
         [ 5.0621, -0.3458,  1.0024]],

        [[ 5.0621, -0.3458,  1.0024],
         [ 5.0621, -0.3458,  1.0024],
         [ 5.0621, -0.3458,  1.0024],
         ...,
         [ 5.0621, -0.3458,  1.0024],
         [ 5.0621, -0.3458,  1.0024],
         [ 5.0621, -0.3458,  1.0024]]]), tensor([[[ 4.8259, -0.1303,  1.0000],
         [ 4.8259, -0.1303,  1.0000],
         [ 4.8259, -0.1303,  1.0000],
         ...,
         [ 4.8259, -0.1303,  1.0000],
         [ 4.8259, -0.1303,  1.0000],
         [ 4.8259, -0.1303,  1.0000]],

        [[ 4.8259, -0.1303,  1.0000],
         [ 4.8259, -0.1303,  1.0000],
         [ 4.8259, -0.1303,  1.0000],
         ...,
         [ 4.8259, -0.1303,  1.0000],
         [ 4.8259, -0.1303,  1.0000],
         [ 4.8259, -0.1303,  1.0000]],

        [[ 4.8259, -0.1303,  1.0000],
         [ 4.8259, -0.1303,  1.0000],
         [ 4.8259, -0.1303,  1.0000],
         ...,
         [ 4.8259, -0.1303,  1.0000],
         [ 4.8259, -0.1303,  1.0000],
         [ 4.8259, -0.1303,  1.0000]],

        ...,

        [[ 4.8259, -0.1303,  1.0000],
         [ 4.8259, -0.1303,  1.0000],
         [ 4.8259, -0.1303,  1.0000],
         ...,
         [ 4.8259, -0.1303,  1.0000],
         [ 4.8259, -0.1303,  1.0000],
         [ 4.8259, -0.1303,  1.0000]],

        [[ 4.8259, -0.1303,  1.0000],
         [ 4.8259, -0.1303,  1.0000],
         [ 4.8259, -0.1303,  1.0000],
         ...,
         [ 4.8259, -0.1303,  1.0000],
         [ 4.8259, -0.1303,  1.0000],
         [ 4.8259, -0.1303,  1.0000]],

        [[ 4.8259, -0.1303,  1.0000],
         [ 4.8259, -0.1303,  1.0000],
         [ 4.8259, -0.1303,  1.0000],
         ...,
         [ 4.8259, -0.1303,  1.0000],
         [ 4.8259, -0.1303,  1.0000],
         [ 4.8259, -0.1303,  1.0000]]]), tensor([[[ 4.5433, -0.1247,  1.0017],
         [ 4.5433, -0.1247,  1.0017],
         [ 4.5433, -0.1247,  1.0017],
         ...,
         [ 4.5433, -0.1247,  1.0017],
         [ 4.5433, -0.1247,  1.0017],
         [ 4.5433, -0.1247,  1.0017]],

        [[ 4.5433, -0.1247,  1.0017],
         [ 4.5433, -0.1247,  1.0017],
         [ 4.5433, -0.1247,  1.0017],
         ...,
         [ 4.5433, -0.1247,  1.0017],
         [ 4.5433, -0.1247,  1.0017],
         [ 4.5433, -0.1247,  1.0017]],

        [[ 4.5433, -0.1247,  1.0017],
         [ 4.5433, -0.1247,  1.0017],
         [ 4.5433, -0.1247,  1.0017],
         ...,
         [ 4.5433, -0.1247,  1.0017],
         [ 4.5433, -0.1247,  1.0017],
         [ 4.5433, -0.1247,  1.0017]],

        ...,

        [[ 4.5433, -0.1247,  1.0017],
         [ 4.5433, -0.1247,  1.0017],
         [ 4.5433, -0.1247,  1.0017],
         ...,
         [ 4.5433, -0.1247,  1.0017],
         [ 4.5433, -0.1247,  1.0017],
         [ 4.5433, -0.1247,  1.0017]],

        [[ 4.5433, -0.1247,  1.0017],
         [ 4.5433, -0.1247,  1.0017],
         [ 4.5433, -0.1247,  1.0017],
         ...,
         [ 4.5433, -0.1247,  1.0017],
         [ 4.5433, -0.1247,  1.0017],
         [ 4.5433, -0.1247,  1.0017]],

        [[ 4.5433, -0.1247,  1.0017],
         [ 4.5433, -0.1247,  1.0017],
         [ 4.5433, -0.1247,  1.0017],
         ...,
         [ 4.5433, -0.1247,  1.0017],
         [ 4.5433, -0.1247,  1.0017],
         [ 4.5433, -0.1247,  1.0017]]]), tensor([[[ 4.1638, -0.7198,  1.0012],
         [ 4.1638, -0.7198,  1.0012],
         [ 4.1638, -0.7198,  1.0012],
         ...,
         [ 4.1638, -0.7198,  1.0012],
         [ 4.1638, -0.7198,  1.0012],
         [ 4.1638, -0.7198,  1.0012]],

        [[ 4.1638, -0.7198,  1.0012],
         [ 4.1638, -0.7198,  1.0012],
         [ 4.1638, -0.7198,  1.0012],
         ...,
         [ 4.1638, -0.7198,  1.0012],
         [ 4.1638, -0.7198,  1.0012],
         [ 4.1638, -0.7198,  1.0012]],

        [[ 4.1638, -0.7198,  1.0012],
         [ 4.1638, -0.7198,  1.0012],
         [ 4.1638, -0.7198,  1.0012],
         ...,
         [ 4.1638, -0.7198,  1.0012],
         [ 4.1638, -0.7198,  1.0012],
         [ 4.1638, -0.7198,  1.0012]],

        ...,

        [[ 4.1638, -0.7198,  1.0012],
         [ 4.1638, -0.7198,  1.0012],
         [ 4.1638, -0.7198,  1.0012],
         ...,
         [ 4.1638, -0.7198,  1.0012],
         [ 4.1638, -0.7198,  1.0012],
         [ 4.1638, -0.7198,  1.0012]],

        [[ 4.1638, -0.7198,  1.0012],
         [ 4.1638, -0.7198,  1.0012],
         [ 4.1638, -0.7198,  1.0012],
         ...,
         [ 4.1638, -0.7198,  1.0012],
         [ 4.1638, -0.7198,  1.0012],
         [ 4.1638, -0.7198,  1.0012]],

        [[ 4.1638, -0.7198,  1.0012],
         [ 4.1638, -0.7198,  1.0012],
         [ 4.1638, -0.7198,  1.0012],
         ...,
         [ 4.1638, -0.7198,  1.0012],
         [ 4.1638, -0.7198,  1.0012],
         [ 4.1638, -0.7198,  1.0012]]]), tensor([[[ 3.9354, -2.0744,  1.0006],
         [ 3.9354, -2.0744,  1.0006],
         [ 3.9354, -2.0744,  1.0006],
         ...,
         [ 3.9354, -2.0744,  1.0006],
         [ 3.9354, -2.0744,  1.0006],
         [ 3.9354, -2.0744,  1.0006]],

        [[ 3.9354, -2.0744,  1.0006],
         [ 3.9354, -2.0744,  1.0006],
         [ 3.9354, -2.0744,  1.0006],
         ...,
         [ 3.9354, -2.0744,  1.0006],
         [ 3.9354, -2.0744,  1.0006],
         [ 3.9354, -2.0744,  1.0006]],

        [[ 3.9354, -2.0744,  1.0006],
         [ 3.9354, -2.0744,  1.0006],
         [ 3.9354, -2.0744,  1.0006],
         ...,
         [ 3.9354, -2.0744,  1.0006],
         [ 3.9354, -2.0744,  1.0006],
         [ 3.9354, -2.0744,  1.0006]],

        ...,

        [[ 3.9354, -2.0744,  1.0006],
         [ 3.9354, -2.0744,  1.0006],
         [ 3.9354, -2.0744,  1.0006],
         ...,
         [ 3.9354, -2.0744,  1.0006],
         [ 3.9354, -2.0744,  1.0006],
         [ 3.9354, -2.0744,  1.0006]],

        [[ 3.9354, -2.0744,  1.0006],
         [ 3.9354, -2.0744,  1.0006],
         [ 3.9354, -2.0744,  1.0006],
         ...,
         [ 3.9354, -2.0744,  1.0006],
         [ 3.9354, -2.0744,  1.0006],
         [ 3.9354, -2.0744,  1.0006]],

        [[ 3.9354, -2.0744,  1.0006],
         [ 3.9354, -2.0744,  1.0006],
         [ 3.9354, -2.0744,  1.0006],
         ...,
         [ 3.9354, -2.0744,  1.0006],
         [ 3.9354, -2.0744,  1.0006],
         [ 3.9354, -2.0744,  1.0006]]]), tensor([[[ 4.5176, -2.4583,  1.0022],
         [ 4.5176, -2.4583,  1.0022],
         [ 4.5176, -2.4583,  1.0022],
         ...,
         [ 4.5176, -2.4583,  1.0022],
         [ 4.5176, -2.4583,  1.0022],
         [ 4.5176, -2.4583,  1.0022]],

        [[ 4.5176, -2.4583,  1.0022],
         [ 4.5176, -2.4583,  1.0022],
         [ 4.5176, -2.4583,  1.0022],
         ...,
         [ 4.5176, -2.4583,  1.0022],
         [ 4.5176, -2.4583,  1.0022],
         [ 4.5176, -2.4583,  1.0022]],

        [[ 4.5176, -2.4583,  1.0022],
         [ 4.5176, -2.4583,  1.0022],
         [ 4.5176, -2.4583,  1.0022],
         ...,
         [ 4.5176, -2.4583,  1.0022],
         [ 4.5176, -2.4583,  1.0022],
         [ 4.5176, -2.4583,  1.0022]],

        ...,

        [[ 4.5176, -2.4583,  1.0022],
         [ 4.5176, -2.4583,  1.0022],
         [ 4.5176, -2.4583,  1.0022],
         ...,
         [ 4.5176, -2.4583,  1.0022],
         [ 4.5176, -2.4583,  1.0022],
         [ 4.5176, -2.4583,  1.0022]],

        [[ 4.5176, -2.4583,  1.0022],
         [ 4.5176, -2.4583,  1.0022],
         [ 4.5176, -2.4583,  1.0022],
         ...,
         [ 4.5176, -2.4583,  1.0022],
         [ 4.5176, -2.4583,  1.0022],
         [ 4.5176, -2.4583,  1.0022]],

        [[ 4.5176, -2.4583,  1.0022],
         [ 4.5176, -2.4583,  1.0022],
         [ 4.5176, -2.4583,  1.0022],
         ...,
         [ 4.5176, -2.4583,  1.0022],
         [ 4.5176, -2.4583,  1.0022],
         [ 4.5176, -2.4583,  1.0022]]]), tensor([[[ 3.8826, -2.7718,  1.0022],
         [ 3.8826, -2.7718,  1.0022],
         [ 3.8826, -2.7718,  1.0022],
         ...,
         [ 3.8826, -2.7718,  1.0022],
         [ 3.8826, -2.7718,  1.0022],
         [ 3.8826, -2.7718,  1.0022]],

        [[ 3.8826, -2.7718,  1.0022],
         [ 3.8826, -2.7718,  1.0022],
         [ 3.8826, -2.7718,  1.0022],
         ...,
         [ 3.8826, -2.7718,  1.0022],
         [ 3.8826, -2.7718,  1.0022],
         [ 3.8826, -2.7718,  1.0022]],

        [[ 3.8826, -2.7718,  1.0022],
         [ 3.8826, -2.7718,  1.0022],
         [ 3.8826, -2.7718,  1.0022],
         ...,
         [ 3.8826, -2.7718,  1.0022],
         [ 3.8826, -2.7718,  1.0022],
         [ 3.8826, -2.7718,  1.0022]],

        ...,

        [[ 3.8826, -2.7718,  1.0022],
         [ 3.8826, -2.7718,  1.0022],
         [ 3.8826, -2.7718,  1.0022],
         ...,
         [ 3.8826, -2.7718,  1.0022],
         [ 3.8826, -2.7718,  1.0022],
         [ 3.8826, -2.7718,  1.0022]],

        [[ 3.8826, -2.7718,  1.0022],
         [ 3.8826, -2.7718,  1.0022],
         [ 3.8826, -2.7718,  1.0022],
         ...,
         [ 3.8826, -2.7718,  1.0022],
         [ 3.8826, -2.7718,  1.0022],
         [ 3.8826, -2.7718,  1.0022]],

        [[ 3.8826, -2.7718,  1.0022],
         [ 3.8826, -2.7718,  1.0022],
         [ 3.8826, -2.7718,  1.0022],
         ...,
         [ 3.8826, -2.7718,  1.0022],
         [ 3.8826, -2.7718,  1.0022],
         [ 3.8826, -2.7718,  1.0022]]]), tensor([[[ 3.9865, -3.4532,  1.0035],
         [ 3.9865, -3.4532,  1.0035],
         [ 3.9865, -3.4532,  1.0035],
         ...,
         [ 3.9865, -3.4532,  1.0035],
         [ 3.9865, -3.4532,  1.0035],
         [ 3.9865, -3.4532,  1.0035]],

        [[ 3.9865, -3.4532,  1.0035],
         [ 3.9865, -3.4532,  1.0035],
         [ 3.9865, -3.4532,  1.0035],
         ...,
         [ 3.9865, -3.4532,  1.0035],
         [ 3.9865, -3.4532,  1.0035],
         [ 3.9865, -3.4532,  1.0035]],

        [[ 3.9865, -3.4532,  1.0035],
         [ 3.9865, -3.4532,  1.0035],
         [ 3.9865, -3.4532,  1.0035],
         ...,
         [ 3.9865, -3.4532,  1.0035],
         [ 3.9865, -3.4532,  1.0035],
         [ 3.9865, -3.4532,  1.0035]],

        ...,

        [[ 3.9865, -3.4532,  1.0035],
         [ 3.9865, -3.4532,  1.0035],
         [ 3.9865, -3.4532,  1.0035],
         ...,
         [ 3.9865, -3.4532,  1.0035],
         [ 3.9865, -3.4532,  1.0035],
         [ 3.9865, -3.4532,  1.0035]],

        [[ 3.9865, -3.4532,  1.0035],
         [ 3.9865, -3.4532,  1.0035],
         [ 3.9865, -3.4532,  1.0035],
         ...,
         [ 3.9865, -3.4532,  1.0035],
         [ 3.9865, -3.4532,  1.0035],
         [ 3.9865, -3.4532,  1.0035]],

        [[ 3.9865, -3.4532,  1.0035],
         [ 3.9865, -3.4532,  1.0035],
         [ 3.9865, -3.4532,  1.0035],
         ...,
         [ 3.9865, -3.4532,  1.0035],
         [ 3.9865, -3.4532,  1.0035],
         [ 3.9865, -3.4532,  1.0035]]]), tensor([[[ 3.1880, -2.8100,  0.9985],
         [ 3.1880, -2.8100,  0.9985],
         [ 3.1880, -2.8100,  0.9985],
         ...,
         [ 3.1880, -2.8100,  0.9985],
         [ 3.1880, -2.8100,  0.9985],
         [ 3.1880, -2.8100,  0.9985]],

        [[ 3.1880, -2.8100,  0.9985],
         [ 3.1880, -2.8100,  0.9985],
         [ 3.1880, -2.8100,  0.9985],
         ...,
         [ 3.1880, -2.8100,  0.9985],
         [ 3.1880, -2.8100,  0.9985],
         [ 3.1880, -2.8100,  0.9985]],

        [[ 3.1880, -2.8100,  0.9985],
         [ 3.1880, -2.8100,  0.9985],
         [ 3.1880, -2.8100,  0.9985],
         ...,
         [ 3.1880, -2.8100,  0.9985],
         [ 3.1880, -2.8100,  0.9985],
         [ 3.1880, -2.8100,  0.9985]],

        ...,

        [[ 3.1880, -2.8100,  0.9985],
         [ 3.1880, -2.8100,  0.9985],
         [ 3.1880, -2.8100,  0.9985],
         ...,
         [ 3.1880, -2.8100,  0.9985],
         [ 3.1880, -2.8100,  0.9985],
         [ 3.1880, -2.8100,  0.9985]],

        [[ 3.1880, -2.8100,  0.9985],
         [ 3.1880, -2.8100,  0.9985],
         [ 3.1880, -2.8100,  0.9985],
         ...,
         [ 3.1880, -2.8100,  0.9985],
         [ 3.1880, -2.8100,  0.9985],
         [ 3.1880, -2.8100,  0.9985]],

        [[ 3.1880, -2.8100,  0.9985],
         [ 3.1880, -2.8100,  0.9985],
         [ 3.1880, -2.8100,  0.9985],
         ...,
         [ 3.1880, -2.8100,  0.9985],
         [ 3.1880, -2.8100,  0.9985],
         [ 3.1880, -2.8100,  0.9985]]]), tensor([[[ 2.5981, -3.1673,  1.0010],
         [ 2.5981, -3.1673,  1.0010],
         [ 2.5981, -3.1673,  1.0010],
         ...,
         [ 2.5981, -3.1673,  1.0010],
         [ 2.5981, -3.1673,  1.0010],
         [ 2.5981, -3.1673,  1.0010]],

        [[ 2.5981, -3.1673,  1.0010],
         [ 2.5981, -3.1673,  1.0010],
         [ 2.5981, -3.1673,  1.0010],
         ...,
         [ 2.5981, -3.1673,  1.0010],
         [ 2.5981, -3.1673,  1.0010],
         [ 2.5981, -3.1673,  1.0010]],

        [[ 2.5981, -3.1673,  1.0010],
         [ 2.5981, -3.1673,  1.0010],
         [ 2.5981, -3.1673,  1.0010],
         ...,
         [ 2.5981, -3.1673,  1.0010],
         [ 2.5981, -3.1673,  1.0010],
         [ 2.5981, -3.1673,  1.0010]],

        ...,

        [[ 2.5981, -3.1673,  1.0010],
         [ 2.5981, -3.1673,  1.0010],
         [ 2.5981, -3.1673,  1.0010],
         ...,
         [ 2.5981, -3.1673,  1.0010],
         [ 2.5981, -3.1673,  1.0010],
         [ 2.5981, -3.1673,  1.0010]],

        [[ 2.5981, -3.1673,  1.0010],
         [ 2.5981, -3.1673,  1.0010],
         [ 2.5981, -3.1673,  1.0010],
         ...,
         [ 2.5981, -3.1673,  1.0010],
         [ 2.5981, -3.1673,  1.0010],
         [ 2.5981, -3.1673,  1.0010]],

        [[ 2.5981, -3.1673,  1.0010],
         [ 2.5981, -3.1673,  1.0010],
         [ 2.5981, -3.1673,  1.0010],
         ...,
         [ 2.5981, -3.1673,  1.0010],
         [ 2.5981, -3.1673,  1.0010],
         [ 2.5981, -3.1673,  1.0010]]]), tensor([[[ 2.5132, -2.5421,  1.0002],
         [ 2.5132, -2.5421,  1.0002],
         [ 2.5132, -2.5421,  1.0002],
         ...,
         [ 2.5132, -2.5421,  1.0002],
         [ 2.5132, -2.5421,  1.0002],
         [ 2.5132, -2.5421,  1.0002]],

        [[ 2.5132, -2.5421,  1.0002],
         [ 2.5132, -2.5421,  1.0002],
         [ 2.5132, -2.5421,  1.0002],
         ...,
         [ 2.5132, -2.5421,  1.0002],
         [ 2.5132, -2.5421,  1.0002],
         [ 2.5132, -2.5421,  1.0002]],

        [[ 2.5132, -2.5421,  1.0002],
         [ 2.5132, -2.5421,  1.0002],
         [ 2.5132, -2.5421,  1.0002],
         ...,
         [ 2.5132, -2.5421,  1.0002],
         [ 2.5132, -2.5421,  1.0002],
         [ 2.5132, -2.5421,  1.0002]],

        ...,

        [[ 2.5132, -2.5421,  1.0002],
